32	0	1	0	0	0.0123523
32	0	2	0	0	0.00645736
32	0	3	0	0	0.0123309
32	0	4	0	0	0.00635798
32	0	5	0	0	0.00635973
32	0	6	0	0	0.012616
32	0	7	0	0	0.00636601
32	0	8	0	0	0.0108256
32	0	9	0	0	0.0109928
32	0	10	0	0	0.00622752
32	0.05	1	0	0	0.0115949
32	0.05	2	0	0	0.0109707
32	0.05	3	0	0	0.00627019
32	0.05	4	0	0	0.0121413
32	0.05	5	0	0	0.00793059
32	0.05	6	0	0	0.0107633
32	0.05	7	0	0	0.00692146
32	0.05	8	0	0	0.0074056
32	0.05	9	0	0	0.00592378
32	0.05	10	0	0	0.00681285
32	0.1	1	0	0	0.00550711
32	0.1	2	0	0	0.0129434
32	0.1	3	0	0	0.00593069
32	0.1	4	0	0	0.0132595
32	0.1	5	0	0	0.00717791
32	0.1	6	0	0	0.0132671
32	0.1	7	0	0	0.00594019
32	0.1	8	0	0	0.00686146
32	0.1	9	0	0	0.00808124
32	0.1	10	0	0	0.00835969
32	0.15	1	0	0	0.00755485
32	0.15	2	0	0	0.0084222
32	0.15	3	0	0	0.0133194
32	0.15	4	0	0	0.00677751
32	0.15	5	0	0	0.013203
32	0.15	6	0	0	0.0126896
32	0.15	7	0	0	0.0139348
32	0.15	8	0	0	0.0105019
32	0.15	9	0	0	0.0134347
32	0.15	10	0	0	0.0134604
32	0.2	1	0	0	0.011038
32	0.2	2	0	0	0.00669147
32	0.2	3	0	0	0.0117635
32	0.2	4	0	0	0.0117823
32	0.2	5	0	0	0.0116651
32	0.2	6	0	0	0.01115
32	0.2	7	0	0	0.0115043
32	0.2	8	0	0	0.0118881
32	0.2	9	0	0	0.0118748
32	0.2	10	0	0	0.0113754
32	0.25	1	0	0	0.00685972
32	0.25	2	0	0	0.011185
32	0.25	3	0	0	0.00629219
32	0.25	4	0	0	0.00752251
32	0.25	5	0	0	0.00655975
32	0.25	6	0	0	0.011895
32	0.25	7	0	0	0.00640673
32	0.25	8	0	0	0.0114018
32	0.25	9	0	0	0.00669021
32	0.25	10	0	0	0.0114016
32	0.3	1	0	0	0.00671445
32	0.3	2	0	0	0.0129411
32	0.3	3	0	0	0.00679791
32	0.3	4	0	0	0.00674553
32	0.3	5	0	0	0.00725313
32	0.3	6	0	0	0.011149
32	0.3	7	0	0	0.00655542
32	0.3	8	0	0	0.0114113
32	0.3	9	0	0	0.00659439
32	0.3	10	0	0	0.00641637
32	0.35	1	0	0	0.00750302
32	0.35	2	0	0	0.00736802
32	0.35	3	0	0	0.0111343
32	0.35	4	0	0	0.00687417
32	0.35	5	0	0	0.0124436
32	0.35	6	0	0	0.00665117
32	0.35	7	0	0	0.0135886
32	0.35	8	0	0	0.0123512
32	0.35	9	0	0	0.00688996
32	0.35	10	0	0	0.0121259
32	0.4	1	0	0	0.00676865
32	0.4	2	0	0	0.0127301
32	0.4	3	0	0	0.0109921
32	0.4	4	0	0	0.0130319
32	0.4	5	0	0	0.00709292
32	0.4	6	0	0	0.0131127
32	0.4	7	0	0	0.00667862
32	0.4	8	0	0	0.0127746
32	0.4	9	0	0	0.00713748
32	0.4	10	0	0	0.0127688
32	0.45	1	0	0	0.00738255
32	0.45	2	0	0	0.011386
32	0.45	3	0	0	0.011076
32	0.45	4	0	0	0.0121204
32	0.45	5	0	0	0.0114008
32	0.45	6	0	0	0.00697628
32	0.45	7	0	0	0.00661409
32	0.45	8	0	0	0.00664936
32	0.45	9	0	0	0.00744925
32	0.45	10	0	0	0.0135726
32	0.5	1	0	0	0.0143956
32	0.5	2	0	0	0.00691105
32	0.5	3	0	0	0.0117642
32	0.5	4	0	0	0.00705492
32	0.5	5	0	0	0.00738681
32	0.5	6	0	0	0.00710661
32	0.5	7	0	0	0.00690009
32	0.5	8	0	0	0.00635777
32	0.5	9	1	164	0.0113372
32	0.5	10	0	0	0.006398
32	0.55	1	0	0	0.00839119
32	0.55	2	1	419	0.0120229
32	0.55	3	0	0	0.00566299
32	0.55	4	0	0	0.0146389
32	0.55	5	0	0	0.00645548
32	0.55	6	0	0	0.0147411
32	0.55	7	0	0	0.00646232
32	0.55	8	0	0	0.0139688
32	0.55	9	1	288	0.011889
32	0.55	10	0	0	0.0163285
32	0.555	1	0	0	0.00724943
32	0.555	2	1	435	0.0123384
32	0.555	3	0	0	0.0140053
32	0.555	4	0	0	0.00764047
32	0.555	5	0	0	0.0149032
32	0.555	6	0	0	0.00623429
32	0.555	7	0	0	0.0102072
32	0.555	8	0	0	0.00603071
32	0.555	9	1	289	0.0308283
32	0.555	10	0	0	0.00923487
32	0.56	1	0	0	0.00759095
32	0.56	2	1	437	0.0167223
32	0.56	3	0	0	0.0120096
32	0.56	4	0	0	0.00871079
32	0.56	5	0	0	0.0072231
32	0.56	6	0	0	0.00792989
32	0.56	7	0	0	0.0149249
32	0.56	8	0	0	0.0067222
32	0.56	9	1	297	0.0160974
32	0.56	10	0	0	0.00668966
32	0.565	1	0	0	0.016439
32	0.565	2	1	437	0.0123331
32	0.565	3	0	0	0.0146552
32	0.565	4	0	0	0.00746014
32	0.565	5	0	0	0.00804813
32	0.565	6	1	254	0.0259942
32	0.565	7	1	308	0.0119678
32	0.565	8	0	0	0.01451
32	0.565	9	1	300	0.0163624
32	0.565	10	0	0	0.0149303
32	0.57	1	0	0	0.0155928
32	0.57	2	1	440	0.028097
32	0.57	3	0	0	0.00684603
32	0.57	4	0	0	0.0147622
32	0.57	5	1	201	0.0251317
32	0.57	6	1	256	0.0244993
32	0.57	7	1	362	0.0143555
32	0.57	8	0	0	0.0134868
32	0.57	9	1	318	0.0132156
32	0.57	10	0	0	0.0141212
32	0.575	1	0	0	0.00832059
32	0.575	2	1	446	0.0266914
32	0.575	3	0	0	0.00747516
32	0.575	4	0	0	0.0124969
32	0.575	5	1	204	0.0125662
32	0.575	6	1	258	0.0134737
32	0.575	7	1	365	0.0245975
32	0.575	8	0	0	0.0134028
32	0.575	9	1	321	0.0225536
32	0.575	10	0	0	0.016106
32	0.58	1	1	315	0.0123661
32	0.58	2	1	458	0.0273301
32	0.58	3	0	0	0.0148574
32	0.58	4	0	0	0.0075538
32	0.58	5	1	204	0.0122401
32	0.58	6	1	259	0.0163201
32	0.58	7	1	369	0.0147018
32	0.58	8	0	0	0.00834636
32	0.58	9	1	331	0.0266462
32	0.58	10	0	0	0.00801294
32	0.585	1	1	359	0.0147835
32	0.585	2	1	462	0.0132569
32	0.585	3	0	0	0.0157839
32	0.585	4	0	0	0.00667192
32	0.585	5	1	220	0.0264387
32	0.585	6	1	261	0.0118111
32	0.585	7	1	376	0.02921
32	0.585	8	0	0	0.0154367
32	0.585	9	1	331	0.0111075
32	0.585	10	0	0	0.0171044
32	0.59	1	1	370	0.0152895
32	0.59	2	1	469	0.0324091
32	0.59	3	0	0	0.00798668
32	0.59	4	0	0	0.0134288
32	0.59	5	1	221	0.0221835
32	0.59	6	1	515	0.0168712
32	0.59	7	1	392	0.0251012
32	0.59	8	0	0	0.00761722
32	0.59	9	1	336	0.0153527
32	0.59	10	0	0	0.00808313
32	0.595	1	1	371	0.0149135
32	0.595	2	1	472	0.0324371
32	0.595	3	0	0	0.00794261
32	0.595	4	0	0	0.0162163
32	0.595	5	1	222	0.0265654
32	0.595	6	1	523	0.01926
32	0.595	7	1	392	0.0118159
32	0.595	8	1	209	0.012055
32	0.595	9	1	341	0.0112172
32	0.595	10	0	0	0.00830012
32	0.6	1	1	373	0.0278457
32	0.6	2	1	489	0.0176021
32	0.6	3	0	0	0.0174302
32	0.6	4	0	0	0.00775306
32	0.6	5	1	223	0.0269826
32	0.6	6	1	524	0.0317038
32	0.6	7	1	405	0.0287105
32	0.6	8	1	211	0.0199279
32	0.6	9	1	347	0.0257806
32	0.6	10	0	0	0.0145144
32	0.605	1	1	527	0.0304431
32	0.605	2	1	495	0.0170114
32	0.605	3	1	392	0.027726
32	0.605	4	0	0	0.00795832
32	0.605	5	1	223	0.0237488
32	0.605	6	1	526	0.0169709
32	0.605	7	1	410	0.0254922
32	0.605	8	1	328	0.0122954
32	0.605	9	1	357	0.0140983
32	0.605	10	1	304	0.0283987
32	0.61	1	1	550	0.0302583
32	0.61	2	1	498	0.0171126
32	0.61	3	1	401	0.0256635
32	0.61	4	0	0	0.0139999
32	0.61	5	1	256	0.0240088
32	0.61	6	1	537	0.0288471
32	0.61	7	1	433	0.0147109
32	0.61	8	1	341	0.0124162
32	0.61	9	1	358	0.0138599
32	0.61	10	1	310	0.0142615
32	0.615	1	1	563	0.0174247
32	0.615	2	1	560	0.0193628
32	0.615	3	1	419	0.0162287
32	0.615	4	0	0	0.0164082
32	0.615	5	1	256	0.0159913
32	0.615	6	1	540	0.0361148
32	0.615	7	1	450	0.0148875
32	0.615	8	1	342	0.0140786
32	0.615	9	1	359	0.0121954
32	0.615	10	1	312	0.0151598
32	0.62	1	1	571	0.0192507
32	0.62	2	1	563	0.0168425
32	0.62	3	1	426	0.0313209
32	0.62	4	1	386	0.0113631
32	0.62	5	1	258	0.0283026
32	0.62	6	1	545	0.0149474
32	0.62	7	1	467	0.0327126
32	0.62	8	1	344	0.0252211
32	0.62	9	1	366	0.0132007
32	0.62	10	1	345	0.0269225
32	0.625	1	1	576	0.0152418
32	0.625	2	1	577	0.0144741
32	0.625	3	1	458	0.0193618
32	0.625	4	1	391	0.0112302
32	0.625	5	1	258	0.0159058
32	0.625	6	1	571	0.0185098
32	0.625	7	1	472	0.0136799
32	0.625	8	1	381	0.0121074
32	0.625	9	1	366	0.0135246
32	0.625	10	1	349	0.0287725
32	0.63	1	1	578	0.0371874
32	0.63	2	1	578	0.0360487
32	0.63	3	1	462	0.0138128
32	0.63	4	1	393	0.0152349
32	0.63	5	1	268	0.0288185
32	0.63	6	1	573	0.0160618
32	0.63	7	1	497	0.0169313
32	0.63	8	1	405	0.0126611
32	0.63	9	1	461	0.0322933
32	0.63	10	1	561	0.0144595
32	0.635	1	1	579	0.0375336
32	0.635	2	1	584	0.0367604
32	0.635	3	1	464	0.0180409
32	0.635	4	1	397	0.0117823
32	0.635	5	1	272	0.0140648
32	0.635	6	1	582	0.0161165
32	0.635	7	1	581	0.0215323
32	0.635	8	1	410	0.0161084
32	0.635	9	1	472	0.0178029
32	0.635	10	1	563	0.0356104
32	0.64	1	1	593	0.0180812
32	0.64	2	1	585	0.0179623
32	0.64	3	1	587	0.0179452
32	0.64	4	1	399	0.0296075
32	0.64	5	1	317	0.013252
32	0.64	6	1	614	0.0372814
32	0.64	7	1	617	0.0205703
32	0.64	8	1	413	0.0140618
32	0.64	9	1	474	0.0173832
32	0.64	10	1	574	0.0369743
32	0.645	1	1	594	0.0346152
32	0.645	2	1	590	0.0305766
32	0.645	3	1	594	0.0363424
32	0.645	4	1	602	0.0178278
32	0.645	5	1	324	0.0170632
32	0.645	6	1	620	0.0384688
32	0.645	7	1	621	0.037511
32	0.645	8	1	414	0.0288043
32	0.645	9	1	503	0.0187027
32	0.645	10	1	577	0.0329171
32	0.65	1	1	601	0.0330156
32	0.65	2	1	597	0.0331017
32	0.65	3	1	606	0.0318407
32	0.65	4	1	613	0.0311243
32	0.65	5	1	327	0.0154611
32	0.65	6	1	621	0.032476
32	0.65	7	1	625	0.0260261
32	0.65	8	1	574	0.0175168
32	0.65	9	1	508	0.0197135
32	0.65	10	1	579	0.0185652
32	0.7	1	1	658	0.0346345
32	0.7	2	1	688	0.0355131
32	0.7	3	1	694	0.0211919
32	0.7	4	1	684	0.0345692
32	0.7	5	1	596	0.0362574
32	0.7	6	1	680	0.0351797
32	0.7	7	1	705	0.0357359
32	0.7	8	1	718	0.0353228
32	0.7	9	1	677	0.020984
32	0.7	10	1	696	0.0361392
32	0.75	1	1	772	0.0233341
32	0.75	2	1	758	0.0223768
32	0.75	3	1	758	0.0250762
32	0.75	4	1	748	0.0216112
32	0.75	5	1	727	0.0447547
32	0.75	6	1	751	0.0233924
32	0.75	7	1	760	0.0209498
32	0.75	8	1	770	0.0454856
32	0.75	9	1	741	0.0234591
32	0.75	10	1	776	0.0456496
32	0.78	1	1	810	0.0472939
32	0.78	2	1	806	0.0266972
32	0.78	3	1	792	0.0459756
32	0.78	4	1	786	0.0226052
32	0.78	5	1	778	0.0293122
32	0.78	6	1	783	0.0181211
32	0.78	7	1	803	0.0471721
32	0.78	8	1	797	0.0217061
32	0.78	9	1	785	0.0222436
32	0.78	10	1	813	0.0470255
32	0.8	1	1	827	0.0234604
32	0.8	2	1	831	0.0201527
32	0.8	3	1	816	0.0298618
32	0.8	4	1	810	0.0211091
32	0.8	5	1	795	0.0416963
32	0.8	6	1	814	0.021144
32	0.8	7	1	829	0.0371515
32	0.8	8	1	814	0.0262949
32	0.8	9	1	812	0.0210345
32	0.8	10	1	830	0.0257485
32	0.85	1	1	875	0.0213905
32	0.85	2	1	882	0.0486563
32	0.85	3	1	878	0.0511467
32	0.85	4	1	871	0.0242708
32	0.85	5	1	860	0.0239003
32	0.85	6	1	865	0.0207693
32	0.85	7	1	874	0.0209704
32	0.85	8	1	866	0.0473146
32	0.85	9	1	869	0.0457528
32	0.85	10	1	885	0.0216631
32	0.9	1	1	923	0.0300398
32	0.9	2	1	930	0.0248989
32	0.9	3	1	931	0.0223148
32	0.9	4	1	916	0.0328061
32	0.9	5	1	907	0.0221572
32	0.9	6	1	926	0.0492851
32	0.9	7	1	920	0.0240289
32	0.9	8	1	921	0.0221239
32	0.9	9	1	920	0.0221123
32	0.9	10	1	937	0.0221384
32	0.95	1	1	979	0.0237092
32	0.95	2	1	977	0.0378524
32	0.95	3	1	974	0.029981
32	0.95	4	1	968	0.0322368
32	0.95	5	1	963	0.0504533
32	0.95	6	1	976	0.0319582
32	0.95	7	1	970	0.0296769
32	0.95	8	1	971	0.0519418
32	0.95	9	1	970	0.02326
32	0.95	10	1	976	0.0304154
32	1	1	1	1024	0.0245538
32	1	2	1	1024	0.0554761
32	1	3	1	1024	0.032125
32	1	4	1	1024	0.0508306
32	1	5	1	1024	0.0336292
32	1	6	1	1024	0.0285124
32	1	7	1	1024	0.0528752
32	1	8	1	1024	0.0556511
32	1	9	1	1024	0.0331928
32	1	10	1	1024	0.0274579
